8.475941073234406 500.8825363797178
[[0.09568589595551202, 0.8110280156606677, 6.874225669458724]]
predictive distribution: ( 500.825125, 0.399977)
[[742.02221689]
 [683.4987177 ]
 [627.38038564]
 [573.66733613]
 [522.35970755]
 [473.45766712]
 [426.96141861]
 [382.87121269]
 [341.18736094]
 [301.91025504]
 [265.04039366]
 [230.57842065]
 [198.52518049]
 [168.88180058]
 [141.64981635]
 [116.83136672]
 [ 94.42950852]
 [ 74.44873838]
 [ 56.89588697]
 [ 41.78169477]
 [ 29.12362815]
 [ 18.95076973]
 [ 11.31102111]
 [  6.27525484]
 [  3.91603326]
 [  4.24111726]
 [  7.15419166]
 [ 12.51836052]
 [ 20.22644106]
 [ 30.21265219]
 [ 42.43944296]
 [ 56.88534589]
 [ 73.53780254]
 [ 92.38934021]
 [113.43557053]
 [136.67415538]
 [162.10432089]
 [189.7267384 ]
 [219.54374   ]
 [251.5599741 ]
 [285.78381852]
 [322.23029722]
 [360.92716854]
 [401.92748503]
 [445.33167203]
 [491.30193791]
 [539.99589145]
 [591.43298372]
 [645.51559904]
 [702.1461382 ]]
9.465118651721369 602.3130840509947
[[1.9648936351250654, 9.108995255803165, 5.789887816222176]]
predictive distribution: ( 606.889812, 0.357047)
[[535.45690966]
 [490.11132504]
 [446.77522382]
 [405.44875138]
 [366.13208091]
 [328.8254203 ]
 [293.52902098]
 [260.24318972]
 [228.96830429]
 [199.70483462]
 [172.45337189]
 [147.21466886]
 [123.98969696]
 [102.77972829]
 [ 83.58645546]
 [ 66.41217003]
 [ 51.26003217]
 [ 38.13448409]
 [ 27.04188687]
 [ 17.99148926]
 [ 10.99682474]
 [  6.07741875]
 [  3.25983164]
 [  2.57495091]
 [  4.04649822]
 [  7.67173971]
 [ 13.41172731]
 [ 21.20562769]
 [ 30.99409567]
 [ 42.73155994]
 [ 56.3868634 ]
 [ 71.93965266]
 [ 89.37676899]
 [108.68968802]
 [129.87289906]
 [152.92292834]
 [177.83777744]
 [204.61663964]
 [233.25982911]
 [263.76891874]
 [296.14714844]
 [330.40026842]
 [366.5381691 ]
 [404.57799647]
 [444.54995359]
 [486.50677793]
 [530.53234273]
 [576.72687199]
 [625.1493393 ]
 [675.78034331]]
